Tree: 0 /// Order of features is cos sin x y, to predict brush's positions
0 1 88 3 -156.42 0
1 2 47 2 46.58 0
2 3 26 3 -175.17 0
3 4 17 2 16.33 0
4 5 10 0 -0.99 0
5 6 7 2 -3.0 0
6 -1 -1 -2 -2.0 0
7 8 9 1 0.05 0
8 -1 -1 -2 -2.0 0
9 -1 -1 -2 -2.0 1
10 11 14 1 -0.51 0
11 12 13 2 9.25 0
12 -1 -1 -2 -2.0 0
13 -1 -1 -2 -2.0 0
14 15 16 2 -1.25 0
15 -1 -1 -2 -2.0 0
16 -1 -1 -2 -2.0 0
17 18 23 3 -178.5 0
18 19 20 2 16.83 0
19 -1 -1 -2 -2.0 1
20 21 22 0 0.6 0
21 -1 -1 -2 -2.0 1
22 -1 -1 -2 -2.0 0
23 24 25 0 -1.0 1
24 -1 -1 -2 -2.0 0
25 -1 -1 -2 -2.0 1
26 27 36 1 -0.44 0
27 28 35 1 -0.46 0
28 29 32 2 5.75 0
29 30 31 2 -1.0 0
30 -1 -1 -2 -2.0 0
31 -1 -1 -2 -2.0 0
32 33 34 3 -157.5 1
33 -1 -1 -2 -2.0 1
34 -1 -1 -2 -2.0 0
35 -1 -1 -2 -2.0 1
36 37 42 0 1.0 0
37 38 41 1 1.0 0
38 39 40 3 -174.83 0
39 -1 -1 -2 -2.0 0
40 -1 -1 -2 -2.0 0
41 -1 -1 -2 -2.0 1
42 43 44 2 -26.25 0
43 -1 -1 -2 -2.0 0
44 45 46 2 19.83 1
45 -1 -1 -2 -2.0 1
46 -1 -1 -2 -2.0 0
47 48 73 2 93.83 1
48 49 62 1 0.43 1
49 50 57 3 -220.5 1
50 51 54 1 -0.21 0
51 52 53 1 -0.74 0
52 -1 -1 -2 -2.0 1
53 -1 -1 -2 -2.0 0
54 55 56 0 1.0 1
55 -1 -1 -2 -2.0 1
56 -1 -1 -2 -2.0 0
57 58 61 2 93.5 1
58 59 60 3 -166.75 1
59 -1 -1 -2 -2.0 1
60 -1 -1 -2 -2.0 1
61 -1 -1 -2 -2.0 0
62 63 68 3 -174.75 0
63 64 65 2 56.25 0
64 -1 -1 -2 -2.0 0
65 66 67 1 0.54 0
66 -1 -1 -2 -2.0 0
67 -1 -1 -2 -2.0 1
68 69 70 1 0.56 1
69 -1 -1 -2 -2.0 0
70 71 72 0 0.0 1
71 -1 -1 -2 -2.0 1
72 -1 -1 -2 -2.0 1
73 74 75 3 -306.17 1
74 -1 -1 -2 -2.0 0
75 76 83 1 0.88 1
76 77 80 3 -259.67 1
77 78 79 0 -0.81 1
78 -1 -1 -2 -2.0 1
79 -1 -1 -2 -2.0 1
80 81 82 3 -157.17 1
81 -1 -1 -2 -2.0 1
82 -1 -1 -2 -2.0 1
83 84 85 0 0.28 1
84 -1 -1 -2 -2.0 1
85 86 87 3 -169.5 0
86 -1 -1 -2 -2.0 0
87 -1 -1 -2 -2.0 1
88 89 144 2 28.42 1
89 90 119 1 -0.07 0
90 91 104 0 -0.91 0
91 92 97 1 -0.16 1
92 93 96 3 -88.75 1
93 94 95 3 -151.0 1
94 -1 -1 -2 -2.0 0
95 -1 -1 -2 -2.0 1
96 -1 -1 -2 -2.0 0
97 98 101 1 -0.12 0
98 99 100 0 -0.99 0
99 -1 -1 -2 -2.0 0
100 -1 -1 -2 -2.0 0
101 102 103 3 -121.17 1
102 -1 -1 -2 -2.0 0
103 -1 -1 -2 -2.0 1
104 105 112 2 -9.5 0
105 106 109 0 0.99 0
106 107 108 2 -16.0 0
107 -1 -1 -2 -2.0 0
108 -1 -1 -2 -2.0 0
109 110 111 1 -0.15 0
110 -1 -1 -2 -2.0 1
111 -1 -1 -2 -2.0 0
112 113 116 0 -0.43 1
113 114 115 2 12.5 0
114 -1 -1 -2 -2.0 1
115 -1 -1 -2 -2.0 0
116 117 118 1 -0.62 1
117 -1 -1 -2 -2.0 1
118 -1 -1 -2 -2.0 0
119 120 129 2 1.75 0
120 121 122 2 -48.75 0
121 -1 -1 -2 -2.0 0
122 123 126 2 -46.75 0
123 124 125 1 0.64 0
124 -1 -1 -2 -2.0 0
125 -1 -1 -2 -2.0 1
126 127 128 1 0.89 0
127 -1 -1 -2 -2.0 0
128 -1 -1 -2 -2.0 0
129 130 137 0 0.83 0
130 131 134 1 0.82 0
131 132 133 0 0.75 0
132 -1 -1 -2 -2.0 0
133 -1 -1 -2 -2.0 0
134 135 136 0 -0.42 0
135 -1 -1 -2 -2.0 1
136 -1 -1 -2 -2.0 0
137 138 141 1 0.06 1
138 139 140 3 -79.0 0
139 -1 -1 -2 -2.0 0
140 -1 -1 -2 -2.0 1
141 142 143 2 26.92 1
142 -1 -1 -2 -2.0 1
143 -1 -1 -2 -2.0 0
144 145 174 2 68.42 1
145 146 159 0 0.46 1
146 147 152 3 -136.0 1
147 148 149 0 -0.93 1
148 -1 -1 -2 -2.0 1
149 150 151 0 -0.78 1
150 -1 -1 -2 -2.0 0
151 -1 -1 -2 -2.0 1
152 153 156 0 0.1 0
153 154 155 3 -116.75 1
154 -1 -1 -2 -2.0 0
155 -1 -1 -2 -2.0 1
156 157 158 1 0.0 0
157 -1 -1 -2 -2.0 0
158 -1 -1 -2 -2.0 1
159 160 167 3 -125.75 1
160 161 164 2 53.42 1
161 162 163 1 -0.43 1
162 -1 -1 -2 -2.0 1
163 -1 -1 -2 -2.0 0
164 165 166 2 68.17 1
165 -1 -1 -2 -2.0 1
166 -1 -1 -2 -2.0 0
167 168 171 2 31.25 1
168 169 170 0 0.89 1
169 -1 -1 -2 -2.0 0
170 -1 -1 -2 -2.0 1
171 172 173 1 -0.09 1
172 -1 -1 -2 -2.0 1
173 -1 -1 -2 -2.0 1
174 175 186 2 80.83 1
175 176 179 0 -0.99 1
176 177 178 1 -0.03 0
177 -1 -1 -2 -2.0 0
178 -1 -1 -2 -2.0 1
179 180 183 3 -72.5 1
180 181 182 1 -0.76 1
181 -1 -1 -2 -2.0 1
182 -1 -1 -2 -2.0 1
183 184 185 0 -0.53 1
184 -1 -1 -2 -2.0 1
185 -1 -1 -2 -2.0 0
186 187 194 3 -44.25 1
187 188 191 3 -152.75 1
188 189 190 2 88.25 1
189 -1 -1 -2 -2.0 1
190 -1 -1 -2 -2.0 1
191 192 193 0 -0.99 1
192 -1 -1 -2 -2.0 1
193 -1 -1 -2 -2.0 1
194 195 198 2 91.75 1
195 196 197 3 -42.5 1
196 -1 -1 -2 -2.0 0
197 -1 -1 -2 -2.0 1
198 -1 -1 -2 -2.0 1
Tree: 1
0 1 90 3 -163.17 0
1 2 43 0 -0.73 0
2 3 28 2 55.5 0
3 4 15 2 16.33 0
4 5 10 3 -164.83 0
5 6 7 2 -1.25 0
6 -1 -1 -2 -2.0 0
7 8 9 0 -0.86 0
8 -1 -1 -2 -2.0 0
9 -1 -1 -2 -2.0 0
10 11 12 2 -27.33 0
11 -1 -1 -2 -2.0 0
12 13 14 2 -4.5 0
13 -1 -1 -2 -2.0 1
14 -1 -1 -2 -2.0 0
15 16 21 3 -193.5 0
16 17 18 0 -0.96 1
17 -1 -1 -2 -2.0 1
18 19 20 0 -0.91 1
19 -1 -1 -2 -2.0 0
20 -1 -1 -2 -2.0 1
21 22 25 2 17.25 0
22 23 24 0 -0.96 1
23 -1 -1 -2 -2.0 1
24 -1 -1 -2 -2.0 0
25 26 27 3 -175.5 0
26 -1 -1 -2 -2.0 0
27 -1 -1 -2 -2.0 0
28 29 36 2 73.75 1
29 30 31 3 -182.0 1
30 -1 -1 -2 -2.0 1
31 32 33 1 0.03 0
32 -1 -1 -2 -2.0 1
33 34 35 0 -0.88 0
34 -1 -1 -2 -2.0 0
35 -1 -1 -2 -2.0 0
36 37 42 3 -257.17 1
37 38 41 1 -0.19 1
38 39 40 0 -0.93 0
39 -1 -1 -2 -2.0 0
40 -1 -1 -2 -2.0 1
41 -1 -1 -2 -2.0 1
42 -1 -1 -2 -2.0 1
43 44 69 1 0.3 0
44 45 58 2 16.83 1
45 46 51 3 -182.17 0
46 47 48 2 4.08 0
47 -1 -1 -2 -2.0 0
48 49 50 2 4.75 0
49 -1 -1 -2 -2.0 1
50 -1 -1 -2 -2.0 0
51 52 55 2 -10.5 0
52 53 54 2 -20.08 0
53 -1 -1 -2 -2.0 0
54 -1 -1 -2 -2.0 0
55 56 57 1 -0.03 0
56 -1 -1 -2 -2.0 0
57 -1 -1 -2 -2.0 1
58 59 64 3 -292.5 1
59 60 61 1 -0.87 0
60 -1 -1 -2 -2.0 1
61 62 63 0 0.97 0
62 -1 -1 -2 -2.0 0
63 -1 -1 -2 -2.0 1
64 65 66 1 -0.99 1
65 -1 -1 -2 -2.0 0
66 67 68 1 0.25 1
67 -1 -1 -2 -2.0 1
68 -1 -1 -2 -2.0 1
69 70 79 3 -177.58 0
70 71 72 2 59.5 0
71 -1 -1 -2 -2.0 0
72 73 76 0 0.34 1
73 74 75 3 -225.17 1
74 -1 -1 -2 -2.0 1
75 -1 -1 -2 -2.0 1
76 77 78 3 -207.67 1
77 -1 -1 -2 -2.0 0
78 -1 -1 -2 -2.0 1
79 80 85 3 -171.83 1
80 81 82 0 -0.68 1
81 -1 -1 -2 -2.0 0
82 83 84 2 54.83 1
83 -1 -1 -2 -2.0 0
84 -1 -1 -2 -2.0 1
85 86 89 0 0.71 0
86 87 88 0 0.47 0
87 -1 -1 -2 -2.0 0
88 -1 -1 -2 -2.0 0
89 -1 -1 -2 -2.0 1
90 91 154 2 34.25 1
91 92 123 2 -0.42 0
92 93 108 2 -31.42 0
93 94 101 3 -95.25 0
94 95 98 1 0.96 0
95 96 97 0 1.0 0
96 -1 -1 -2 -2.0 0
97 -1 -1 -2 -2.0 0
98 99 100 1 0.96 0
99 -1 -1 -2 -2.0 1
100 -1 -1 -2 -2.0 0
101 102 105 3 -94.83 0
102 103 104 2 -112.0 1
103 -1 -1 -2 -2.0 0
104 -1 -1 -2 -2.0 1
105 106 107 2 -152.25 0
106 -1 -1 -2 -2.0 0
107 -1 -1 -2 -2.0 0
108 109 116 1 0.33 0
109 110 113 3 -133.17 0
110 111 112 1 -0.69 0
111 -1 -1 -2 -2.0 0
112 -1 -1 -2 -2.0 0
113 114 115 3 -98.0 0
114 -1 -1 -2 -2.0 1
115 -1 -1 -2 -2.0 0
116 117 120 0 0.75 0
117 118 119 2 -30.75 0
118 -1 -1 -2 -2.0 0
119 -1 -1 -2 -2.0 0
120 121 122 1 0.63 0
121 -1 -1 -2 -2.0 0
122 -1 -1 -2 -2.0 1
123 124 139 3 -119.5 0
124 125 132 1 -0.13 0
125 126 129 1 -0.31 1
126 127 128 1 -0.92 1
127 -1 -1 -2 -2.0 1
128 -1 -1 -2 -2.0 0
129 130 131 3 -130.5 1
130 -1 -1 -2 -2.0 1
131 -1 -1 -2 -2.0 1
132 133 136 0 -0.58 0
133 134 135 1 0.47 0
134 -1 -1 -2 -2.0 0
135 -1 -1 -2 -2.0 0
136 137 138 2 31.75 1
137 -1 -1 -2 -2.0 1
138 -1 -1 -2 -2.0 0
139 140 147 0 0.75 0
140 141 144 2 23.75 0
141 142 143 1 -0.77 0
142 -1 -1 -2 -2.0 0
143 -1 -1 -2 -2.0 0
144 145 146 1 0.0 0
145 -1 -1 -2 -2.0 0
146 -1 -1 -2 -2.0 0
147 148 151 1 -0.12 0
148 149 150 0 0.99 0
149 -1 -1 -2 -2.0 1
150 -1 -1 -2 -2.0 0
151 152 153 2 21.75 1
152 -1 -1 -2 -2.0 0
153 -1 -1 -2 -2.0 1
154 155 174 1 -0.85 1
155 156 165 3 -89.25 1
156 157 158 2 39.0 1
157 -1 -1 -2 -2.0 0
158 159 162 0 -0.48 1
159 160 161 2 44.5 0
160 -1 -1 -2 -2.0 0
161 -1 -1 -2 -2.0 1
162 163 164 1 -0.99 1
163 -1 -1 -2 -2.0 1
164 -1 -1 -2 -2.0 1
165 166 171 0 -0.06 0
166 167 170 3 -71.5 1
167 168 169 2 52.5 0
168 -1 -1 -2 -2.0 0
169 -1 -1 -2 -2.0 0
170 -1 -1 -2 -2.0 1
171 172 173 3 -34.5 0
172 -1 -1 -2 -2.0 0
173 -1 -1 -2 -2.0 1
174 175 188 2 53.42 1
175 176 183 0 1.0 1
176 177 180 0 0.99 1
177 178 179 3 -155.0 1
178 -1 -1 -2 -2.0 0
179 -1 -1 -2 -2.0 1
180 181 182 3 -94.92 0
181 -1 -1 -2 -2.0 0
182 -1 -1 -2 -2.0 1
183 184 187 2 50.58 1
184 185 186 3 -159.5 1
185 -1 -1 -2 -2.0 0
186 -1 -1 -2 -2.0 1
187 -1 -1 -2 -2.0 0
188 189 196 2 66.75 1
189 190 193 0 -0.99 1
190 191 192 3 -141.25 0
191 -1 -1 -2 -2.0 1
192 -1 -1 -2 -2.0 0
193 194 195 0 -0.85 1
194 -1 -1 -2 -2.0 1
195 -1 -1 -2 -2.0 1
196 197 200 1 -0.05 1
197 198 199 0 -0.99 1
198 -1 -1 -2 -2.0 1
199 -1 -1 -2 -2.0 1
200 201 202 3 -156.75 1
201 -1 -1 -2 -2.0 1
202 -1 -1 -2 -2.0 1
Tree: 2
0 1 112 1 0.83 0
1 2 55 3 -164.42 0
2 3 28 2 46.33 0
3 4 17 3 -174.17 0
4 5 10 2 3.83 0
5 6 7 3 -180.17 0
6 -1 -1 -2 -2.0 0
7 8 9 1 -0.88 0
8 -1 -1 -2 -2.0 0
9 -1 -1 -2 -2.0 0
10 11 14 0 -0.99 0
11 12 13 1 -0.04 1
12 -1 -1 -2 -2.0 1
13 -1 -1 -2 -2.0 0
14 15 16 1 -0.41 0
15 -1 -1 -2 -2.0 1
16 -1 -1 -2 -2.0 0
17 18 23 2 -14.67 0
18 19 22 1 -0.82 0
19 20 21 0 0.55 0
20 -1 -1 -2 -2.0 0
21 -1 -1 -2 -2.0 1
22 -1 -1 -2 -2.0 0
23 24 25 0 -0.87 0
24 -1 -1 -2 -2.0 0
25 26 27 2 37.5 0
26 -1 -1 -2 -2.0 0
27 -1 -1 -2 -2.0 1
28 29 40 1 0.46 1
29 30 33 1 -0.99 1
30 31 32 1 -1.0 0
31 -1 -1 -2 -2.0 1
32 -1 -1 -2 -2.0 0
33 34 37 1 -0.96 1
34 35 36 1 -0.97 1
35 -1 -1 -2 -2.0 1
36 -1 -1 -2 -2.0 0
37 38 39 3 -307.83 1
38 -1 -1 -2 -2.0 0
39 -1 -1 -2 -2.0 1
40 41 48 1 0.58 1
41 42 45 3 -182.25 0
42 43 44 2 69.75 0
43 -1 -1 -2 -2.0 0
44 -1 -1 -2 -2.0 0
45 46 47 1 0.53 1
46 -1 -1 -2 -2.0 0
47 -1 -1 -2 -2.0 1
48 49 52 2 64.75 1
49 50 51 3 -183.75 0
50 -1 -1 -2 -2.0 0
51 -1 -1 -2 -2.0 1
52 53 54 2 249.17 1
53 -1 -1 -2 -2.0 1
54 -1 -1 -2 -2.0 0
55 56 87 2 37.42 1
56 57 72 0 -0.56 0
57 58 65 3 -90.25 0
58 59 62 1 -0.15 0
59 60 61 0 -0.92 0
60 -1 -1 -2 -2.0 1
61 -1 -1 -2 -2.0 0
62 63 64 1 -0.08 0
63 -1 -1 -2 -2.0 0
64 -1 -1 -2 -2.0 0
65 66 69 3 -84.75 0
66 67 68 0 -0.97 0
67 -1 -1 -2 -2.0 0
68 -1 -1 -2 -2.0 0
69 70 71 0 -0.65 0
70 -1 -1 -2 -2.0 0
71 -1 -1 -2 -2.0 0
72 73 80 2 -1.25 0
73 74 77 3 -81.5 0
74 75 76 2 -15.17 0
75 -1 -1 -2 -2.0 0
76 -1 -1 -2 -2.0 0
77 78 79 1 -0.66 0
78 -1 -1 -2 -2.0 1
79 -1 -1 -2 -2.0 0
80 81 84 3 -125.58 1
81 82 83 0 0.82 1
82 -1 -1 -2 -2.0 1
83 -1 -1 -2 -2.0 0
84 85 86 1 0.65 0
85 -1 -1 -2 -2.0 1
86 -1 -1 -2 -2.0 0
87 88 99 2 61.25 1
88 89 92 1 -0.96 1
89 90 91 3 -93.5 0
90 -1 -1 -2 -2.0 1
91 -1 -1 -2 -2.0 0
92 93 96 0 -0.99 1
93 94 95 2 41.33 0
94 -1 -1 -2 -2.0 1
95 -1 -1 -2 -2.0 0
96 97 98 3 -116.58 1
97 -1 -1 -2 -2.0 1
98 -1 -1 -2 -2.0 1
99 100 107 2 93.75 1
100 101 104 3 -157.58 1
101 102 103 1 -0.23 1
102 -1 -1 -2 -2.0 1
103 -1 -1 -2 -2.0 0
104 105 106 1 -0.94 1
105 -1 -1 -2 -2.0 1
106 -1 -1 -2 -2.0 1
107 108 111 2 97.17 1
108 109 110 2 96.83 1
109 -1 -1 -2 -2.0 1
110 -1 -1 -2 -2.0 1
111 -1 -1 -2 -2.0 1
112 113 150 1 0.97 1
113 114 127 2 29.42 1
114 115 116 3 -142.5 0
115 -1 -1 -2 -2.0 0
116 117 122 3 -112.17 0
117 118 121 3 -135.0 1
118 119 120 2 5.0 0
119 -1 -1 -2 -2.0 0
120 -1 -1 -2 -2.0 1
121 -1 -1 -2 -2.0 1
122 123 124 0 0.25 0
123 -1 -1 -2 -2.0 0
124 125 126 2 -45.25 0
125 -1 -1 -2 -2.0 0
126 -1 -1 -2 -2.0 0
127 128 141 2 52.25 1
128 129 134 3 -130.5 1
129 130 131 1 0.87 0
130 -1 -1 -2 -2.0 0
131 132 133 1 0.9 0
132 -1 -1 -2 -2.0 1
133 -1 -1 -2 -2.0 0
134 135 138 3 -75.75 1
135 136 137 0 -0.55 1
136 -1 -1 -2 -2.0 1
137 -1 -1 -2 -2.0 1
138 139 140 1 0.9 0
139 -1 -1 -2 -2.0 1
140 -1 -1 -2 -2.0 0
141 142 143 1 0.85 1
142 -1 -1 -2 -2.0 1
143 144 147 2 247.75 1
144 145 146 2 79.83 1
145 -1 -1 -2 -2.0 1
146 -1 -1 -2 -2.0 1
147 148 149 1 0.86 1
148 -1 -1 -2 -2.0 0
149 -1 -1 -2 -2.0 1
150 151 160 2 35.5 0
151 152 153 2 2.25 0
152 -1 -1 -2 -2.0 0
153 154 155 2 3.0 0
154 -1 -1 -2 -2.0 1
155 156 157 1 1.0 0
156 -1 -1 -2 -2.0 0
157 158 159 3 -134.83 0
158 -1 -1 -2 -2.0 1
159 -1 -1 -2 -2.0 0
160 161 164 1 0.98 1
161 162 163 0 0.22 0
162 -1 -1 -2 -2.0 0
163 -1 -1 -2 -2.0 1
164 165 170 3 -193.0 1
165 166 169 0 -0.03 0
166 167 168 0 -0.19 0
167 -1 -1 -2 -2.0 1
168 -1 -1 -2 -2.0 0
169 -1 -1 -2 -2.0 1
170 171 174 0 -0.07 1
171 172 173 3 -153.25 1
172 -1 -1 -2 -2.0 0
173 -1 -1 -2 -2.0 1
174 175 176 3 -75.0 1
175 -1 -1 -2 -2.0 1
176 -1 -1 -2 -2.0 1
Tree: 3
0 1 106 1 0.8 0
1 2 57 1 0.34 0
2 3 26 0 -1.0 1
3 4 13 0 -1.0 0
4 5 6 1 -0.04 0
5 -1 -1 -2 -2.0 1
6 7 10 3 -64.0 0
7 8 9 3 -197.0 0
8 -1 -1 -2 -2.0 1
9 -1 -1 -2 -2.0 0
10 11 12 3 -40.25 1
11 -1 -1 -2 -2.0 1
12 -1 -1 -2 -2.0 0
13 14 19 3 -201.0 0
14 15 16 3 -252.75 1
15 -1 -1 -2 -2.0 1
16 17 18 1 0.0 0
17 -1 -1 -2 -2.0 1
18 -1 -1 -2 -2.0 0
19 20 23 3 -148.25 0
20 21 22 2 120.0 0
21 -1 -1 -2 -2.0 0
22 -1 -1 -2 -2.0 1
23 24 25 2 67.25 0
24 -1 -1 -2 -2.0 0
25 -1 -1 -2 -2.0 1
26 27 42 2 38.83 1
27 28 35 3 -163.17 0
28 29 32 0 -1.0 0
29 30 31 2 25.5 0
30 -1 -1 -2 -2.0 0
31 -1 -1 -2 -2.0 1
32 33 34 2 -9.17 0
33 -1 -1 -2 -2.0 0
34 -1 -1 -2 -2.0 0
35 36 39 2 1.83 0
36 37 38 2 -33.25 0
37 -1 -1 -2 -2.0 0
38 -1 -1 -2 -2.0 0
39 40 41 0 -0.97 0
40 -1 -1 -2 -2.0 0
41 -1 -1 -2 -2.0 1
42 43 50 1 -0.93 1
43 44 47 3 -94.25 1
44 45 46 2 85.5 1
45 -1 -1 -2 -2.0 1
46 -1 -1 -2 -2.0 1
47 48 49 2 117.0 0
48 -1 -1 -2 -2.0 0
49 -1 -1 -2 -2.0 1
50 51 54 2 89.25 1
51 52 53 1 0.12 1
52 -1 -1 -2 -2.0 1
53 -1 -1 -2 -2.0 1
54 55 56 2 93.83 1
55 -1 -1 -2 -2.0 1
56 -1 -1 -2 -2.0 1
57 58 83 2 55.25 0
58 59 72 2 39.25 0
59 60 65 3 -145.75 0
60 61 62 2 -1.25 0
61 -1 -1 -2 -2.0 0
62 63 64 2 -0.5 0
63 -1 -1 -2 -2.0 0
64 -1 -1 -2 -2.0 0
65 66 69 2 30.75 0
66 67 68 0 0.77 0
67 -1 -1 -2 -2.0 0
68 -1 -1 -2 -2.0 0
69 70 71 2 35.75 1
70 -1 -1 -2 -2.0 1
71 -1 -1 -2 -2.0 0
72 73 78 3 -152.5 0
73 74 75 2 48.75 0
74 -1 -1 -2 -2.0 0
75 76 77 1 0.71 0
76 -1 -1 -2 -2.0 0
77 -1 -1 -2 -2.0 0
78 79 82 3 -71.0 1
79 80 81 1 0.79 1
80 -1 -1 -2 -2.0 1
81 -1 -1 -2 -2.0 0
82 -1 -1 -2 -2.0 0
83 84 95 2 65.25 1
84 85 90 1 0.57 1
85 86 89 3 -138.5 0
86 87 88 2 57.25 0
87 -1 -1 -2 -2.0 1
88 -1 -1 -2 -2.0 0
89 -1 -1 -2 -2.0 1
90 91 94 2 64.25 1
91 92 93 1 0.77 1
92 -1 -1 -2 -2.0 1
93 -1 -1 -2 -2.0 1
94 -1 -1 -2 -2.0 0
95 96 103 3 -45.5 1
96 97 100 2 79.75 1
97 98 99 0 0.81 1
98 -1 -1 -2 -2.0 1
99 -1 -1 -2 -2.0 1
100 101 102 0 -0.74 1
101 -1 -1 -2 -2.0 1
102 -1 -1 -2 -2.0 1
103 104 105 3 -26.5 1
104 -1 -1 -2 -2.0 0
105 -1 -1 -2 -2.0 1
106 107 138 2 34.0 1
107 108 123 2 4.92 0
108 109 110 3 -126.75 0
109 -1 -1 -2 -2.0 0
110 111 118 3 -112.17 0
111 112 115 1 0.98 0
112 113 114 0 -0.37 1
113 -1 -1 -2 -2.0 0
114 -1 -1 -2 -2.0 1
115 116 117 1 1.0 0
116 -1 -1 -2 -2.0 0
117 -1 -1 -2 -2.0 0
118 119 122 3 -84.25 0
119 120 121 2 -54.0 0
120 -1 -1 -2 -2.0 0
121 -1 -1 -2 -2.0 0
122 -1 -1 -2 -2.0 0
123 124 137 3 -79.5 0
124 125 130 1 0.84 1
125 126 127 0 -0.56 0
126 -1 -1 -2 -2.0 0
127 128 129 2 23.0 0
128 -1 -1 -2 -2.0 1
129 -1 -1 -2 -2.0 0
130 131 134 3 -145.67 1
131 132 133 2 20.33 0
132 -1 -1 -2 -2.0 0
133 -1 -1 -2 -2.0 0
134 135 136 1 0.9 1
135 -1 -1 -2 -2.0 1
136 -1 -1 -2 -2.0 0
137 -1 -1 -2 -2.0 0
138 139 160 2 79.83 1
139 140 145 3 -174.25 1
140 141 142 1 0.94 0
141 -1 -1 -2 -2.0 0
142 143 144 1 0.99 0
143 -1 -1 -2 -2.0 1
144 -1 -1 -2 -2.0 0
145 146 153 2 53.25 1
146 147 150 3 -77.0 1
147 148 149 3 -119.25 1
148 -1 -1 -2 -2.0 0
149 -1 -1 -2 -2.0 1
150 151 152 0 0.4 0
151 -1 -1 -2 -2.0 0
152 -1 -1 -2 -2.0 1
153 154 157 1 1.0 1
154 155 156 2 78.17 1
155 -1 -1 -2 -2.0 1
156 -1 -1 -2 -2.0 1
157 158 159 0 -0.07 1
158 -1 -1 -2 -2.0 0
159 -1 -1 -2 -2.0 1
160 161 170 2 249.5 1
161 162 169 0 0.37 1
162 163 166 0 0.21 1
163 164 165 2 92.92 1
164 -1 -1 -2 -2.0 1
165 -1 -1 -2 -2.0 1
166 167 168 3 -185.0 1
167 -1 -1 -2 -2.0 0
168 -1 -1 -2 -2.0 1
169 -1 -1 -2 -2.0 1
170 171 172 2 253.75 0
171 -1 -1 -2 -2.0 0
172 -1 -1 -2 -2.0 1
Tree: 4
0 1 88 3 -156.17 0
1 2 43 0 -0.72 0
2 3 26 2 56.0 0
3 4 13 2 8.75 0
4 5 6 3 -169.17 0
5 -1 -1 -2 -2.0 0
6 7 10 3 -168.75 0
7 8 9 1 -0.13 0
8 -1 -1 -2 -2.0 1
9 -1 -1 -2 -2.0 0
10 11 12 2 -29.5 0
11 -1 -1 -2 -2.0 0
12 -1 -1 -2 -2.0 0
13 14 19 3 -204.5 0
14 15 18 1 0.33 1
15 16 17 3 -237.17 1
16 -1 -1 -2 -2.0 1
17 -1 -1 -2 -2.0 1
18 -1 -1 -2 -2.0 0
19 20 23 1 -0.33 0
20 21 22 3 -182.75 1
21 -1 -1 -2 -2.0 0
22 -1 -1 -2 -2.0 1
23 24 25 0 -1.0 0
24 -1 -1 -2 -2.0 0
25 -1 -1 -2 -2.0 0
26 27 30 3 -267.5 1
27 28 29 1 0.04 0
28 -1 -1 -2 -2.0 0
29 -1 -1 -2 -2.0 1
30 31 36 2 59.0 1
31 32 35 0 -0.85 1
32 33 34 1 0.24 0
33 -1 -1 -2 -2.0 1
34 -1 -1 -2 -2.0 0
35 -1 -1 -2 -2.0 1
36 37 40 3 -241.0 1
37 38 39 3 -247.5 1
38 -1 -1 -2 -2.0 1
39 -1 -1 -2 -2.0 0
40 41 42 1 0.67 1
41 -1 -1 -2 -2.0 1
42 -1 -1 -2 -2.0 1
43 44 63 2 50.75 0
44 45 52 2 -13.25 0
45 46 47 2 -27.42 0
46 -1 -1 -2 -2.0 0
47 48 49 3 -172.83 0
48 -1 -1 -2 -2.0 0
49 50 51 3 -171.83 0
50 -1 -1 -2 -2.0 1
51 -1 -1 -2 -2.0 0
52 53 60 1 0.3 0
53 54 57 1 -0.9 0
54 55 56 3 -173.0 0
55 -1 -1 -2 -2.0 0
56 -1 -1 -2 -2.0 1
57 58 59 2 13.5 0
58 -1 -1 -2 -2.0 0
59 -1 -1 -2 -2.0 1
60 61 62 1 1.0 0
61 -1 -1 -2 -2.0 0
62 -1 -1 -2 -2.0 1
63 64 79 2 95.33 1
64 65 72 1 -0.69 1
65 66 69 3 -202.75 1
66 67 68 2 82.0 1
67 -1 -1 -2 -2.0 1
68 -1 -1 -2 -2.0 0
69 70 71 2 60.25 1
70 -1 -1 -2 -2.0 1
71 -1 -1 -2 -2.0 1
72 73 76 3 -204.92 1
73 74 75 0 0.8 0
74 -1 -1 -2 -2.0 0
75 -1 -1 -2 -2.0 0
76 77 78 3 -159.25 1
77 -1 -1 -2 -2.0 1
78 -1 -1 -2 -2.0 0
79 80 81 3 -292.0 1
80 -1 -1 -2 -2.0 0
81 82 85 2 243.25 1
82 83 84 1 0.88 1
83 -1 -1 -2 -2.0 1
84 -1 -1 -2 -2.0 1
85 86 87 1 -0.05 1
86 -1 -1 -2 -2.0 0
87 -1 -1 -2 -2.0 1
88 89 146 2 38.83 1
89 90 115 2 0.75 0
90 91 102 2 -33.17 0
91 92 97 0 -0.97 0
92 93 94 2 -52.5 0
93 -1 -1 -2 -2.0 0
94 95 96 2 -48.75 0
95 -1 -1 -2 -2.0 1
96 -1 -1 -2 -2.0 0
97 98 99 3 -86.17 0
98 -1 -1 -2 -2.0 0
99 100 101 3 -85.42 0
100 -1 -1 -2 -2.0 0
101 -1 -1 -2 -2.0 0
102 103 110 1 -0.14 0
103 104 107 3 -133.17 0
104 105 106 0 0.04 0
105 -1 -1 -2 -2.0 0
106 -1 -1 -2 -2.0 0
107 108 109 1 -0.27 1
108 -1 -1 -2 -2.0 0
109 -1 -1 -2 -2.0 1
110 111 114 1 0.7 0
111 112 113 0 -0.73 0
112 -1 -1 -2 -2.0 0
113 -1 -1 -2 -2.0 0
114 -1 -1 -2 -2.0 0
115 116 131 0 -0.46 0
116 117 124 2 2.33 0
117 118 121 2 1.83 1
118 119 120 0 -0.53 0
119 -1 -1 -2 -2.0 0
120 -1 -1 -2 -2.0 1
121 122 123 0 -0.96 1
122 -1 -1 -2 -2.0 1
123 -1 -1 -2 -2.0 1
124 125 128 1 -0.04 0
125 126 127 1 -0.3 0
126 -1 -1 -2 -2.0 0
127 -1 -1 -2 -2.0 1
128 129 130 1 0.83 0
129 -1 -1 -2 -2.0 0
130 -1 -1 -2 -2.0 1
131 132 139 2 21.75 1
132 133 136 1 0.65 0
133 134 135 3 -125.5 1
134 -1 -1 -2 -2.0 1
135 -1 -1 -2 -2.0 0
136 137 138 3 -131.0 0
137 -1 -1 -2 -2.0 0
138 -1 -1 -2 -2.0 0
139 140 143 2 30.58 1
140 141 142 1 0.32 1
141 -1 -1 -2 -2.0 1
142 -1 -1 -2 -2.0 0
143 144 145 1 -0.09 0
144 -1 -1 -2 -2.0 0
145 -1 -1 -2 -2.0 1
146 147 172 2 61.25 1
147 148 157 0 0.38 1
148 149 150 0 -0.99 1
149 -1 -1 -2 -2.0 0
150 151 154 3 -76.5 1
151 152 153 1 -0.33 1
152 -1 -1 -2 -2.0 0
153 -1 -1 -2 -2.0 1
154 155 156 0 -0.1 0
155 -1 -1 -2 -2.0 1
156 -1 -1 -2 -2.0 0
157 158 165 1 0.34 1
158 159 162 3 -125.75 1
159 160 161 2 50.83 1
160 -1 -1 -2 -2.0 1
161 -1 -1 -2 -2.0 1
162 163 164 3 -118.92 1
163 -1 -1 -2 -2.0 1
164 -1 -1 -2 -2.0 1
165 166 169 0 0.91 1
166 167 168 2 46.75 1
167 -1 -1 -2 -2.0 0
168 -1 -1 -2 -2.0 1
169 170 171 3 -114.0 0
170 -1 -1 -2 -2.0 0
171 -1 -1 -2 -2.0 1
172 173 178 1 -0.91 1
173 174 175 3 -68.5 1
174 -1 -1 -2 -2.0 1
175 176 177 0 -0.06 0
176 -1 -1 -2 -2.0 1
177 -1 -1 -2 -2.0 0
178 179 186 2 93.75 1
179 180 183 2 63.42 1
180 181 182 2 63.17 1
181 -1 -1 -2 -2.0 1
182 -1 -1 -2 -2.0 0
183 184 185 3 -149.25 1
184 -1 -1 -2 -2.0 1
185 -1 -1 -2 -2.0 1
186 187 188 0 0.78 1
187 -1 -1 -2 -2.0 1
188 189 190 1 -0.57 1
189 -1 -1 -2 -2.0 0
190 -1 -1 -2 -2.0 1
Tree: 5
0 1 82 3 -156.42 0
1 2 41 2 51.75 0
2 3 26 1 0.32 0
3 4 17 3 -173.58 0
4 5 12 2 16.33 0
5 6 9 2 4.25 0
6 7 8 2 -7.5 0
7 -1 -1 -2 -2.0 0
8 -1 -1 -2 -2.0 0
9 10 11 2 4.75 0
10 -1 -1 -2 -2.0 1
11 -1 -1 -2 -2.0 0
12 13 14 0 -1.0 1
13 -1 -1 -2 -2.0 0
14 15 16 2 28.83 1
15 -1 -1 -2 -2.0 0
16 -1 -1 -2 -2.0 1
17 18 19 2 -27.42 0
18 -1 -1 -2 -2.0 0
19 20 23 0 1.0 0
20 21 22 0 -0.95 0
21 -1 -1 -2 -2.0 0
22 -1 -1 -2 -2.0 0
23 24 25 3 -160.5 1
24 -1 -1 -2 -2.0 1
25 -1 -1 -2 -2.0 0
26 27 34 2 20.58 0
27 28 33 1 0.53 0
28 29 32 1 0.53 0
29 30 31 3 -168.33 0
30 -1 -1 -2 -2.0 0
31 -1 -1 -2 -2.0 0
32 -1 -1 -2 -2.0 1
33 -1 -1 -2 -2.0 0
34 35 36 2 20.83 0
35 -1 -1 -2 -2.0 1
36 37 40 0 -0.74 0
37 38 39 1 0.5 0
38 -1 -1 -2 -2.0 0
39 -1 -1 -2 -2.0 1
40 -1 -1 -2 -2.0 0
41 42 63 2 93.83 1
42 43 54 1 -0.15 1
43 44 49 3 -226.5 1
44 45 48 0 0.3 0
45 46 47 3 -271.42 1
46 -1 -1 -2 -2.0 1
47 -1 -1 -2 -2.0 0
48 -1 -1 -2 -2.0 0
49 50 53 3 -157.67 1
50 51 52 1 -0.99 1
51 -1 -1 -2 -2.0 0
52 -1 -1 -2 -2.0 1
53 -1 -1 -2 -2.0 0
54 55 56 3 -251.0 1
55 -1 -1 -2 -2.0 0
56 57 60 2 65.5 1
57 58 59 0 0.92 1
58 -1 -1 -2 -2.0 0
59 -1 -1 -2 -2.0 1
60 61 62 2 92.25 1
61 -1 -1 -2 -2.0 1
62 -1 -1 -2 -2.0 0
63 64 73 1 0.91 1
64 65 68 3 -294.08 1
65 66 67 3 -300.0 0
66 -1 -1 -2 -2.0 1
67 -1 -1 -2 -2.0 0
68 69 70 1 -0.46 1
69 -1 -1 -2 -2.0 1
70 71 72 1 -0.43 1
71 -1 -1 -2 -2.0 1
72 -1 -1 -2 -2.0 1
73 74 79 2 247.0 1
74 75 78 3 -159.25 1
75 76 77 1 0.94 1
76 -1 -1 -2 -2.0 1
77 -1 -1 -2 -2.0 1
78 -1 -1 -2 -2.0 0
79 80 81 0 -0.05 0
80 -1 -1 -2 -2.0 1
81 -1 -1 -2 -2.0 0
82 83 142 1 0.78 1
83 84 113 2 21.75 1
84 85 98 2 -33.17 0
85 86 91 0 -0.97 0
86 87 88 0 -0.99 0
87 -1 -1 -2 -2.0 0
88 89 90 3 -91.5 1
89 -1 -1 -2 -2.0 0
90 -1 -1 -2 -2.0 1
91 92 95 2 -34.58 0
92 93 94 0 1.0 0
93 -1 -1 -2 -2.0 0
94 -1 -1 -2 -2.0 0
95 96 97 0 1.0 0
96 -1 -1 -2 -2.0 0
97 -1 -1 -2 -2.0 1
98 99 106 1 -0.14 0
99 100 103 2 20.25 0
100 101 102 1 -0.91 0
101 -1 -1 -2 -2.0 1
102 -1 -1 -2 -2.0 0
103 104 105 0 -0.79 0
104 -1 -1 -2 -2.0 0
105 -1 -1 -2 -2.0 0
106 107 110 1 0.33 0
107 108 109 0 -0.0 0
108 -1 -1 -2 -2.0 0
109 -1 -1 -2 -2.0 0
110 111 112 1 0.66 0
111 -1 -1 -2 -2.0 0
112 -1 -1 -2 -2.0 0
113 114 127 2 68.25 1
114 115 120 1 -0.97 1
115 116 117 1 -1.0 0
116 -1 -1 -2 -2.0 1
117 118 119 3 -110.5 0
118 -1 -1 -2 -2.0 0
119 -1 -1 -2 -2.0 0
120 121 124 0 -0.99 1
121 122 123 3 -129.75 0
122 -1 -1 -2 -2.0 0
123 -1 -1 -2 -2.0 0
124 125 126 0 0.58 1
125 -1 -1 -2 -2.0 1
126 -1 -1 -2 -2.0 1
127 128 135 2 81.25 1
128 129 132 1 -0.89 1
129 130 131 0 0.23 0
130 -1 -1 -2 -2.0 1
131 -1 -1 -2 -2.0 0
132 133 134 1 -0.05 1
133 -1 -1 -2 -2.0 1
134 -1 -1 -2 -2.0 1
135 136 139 2 89.25 1
136 137 138 0 1.0 1
137 -1 -1 -2 -2.0 1
138 -1 -1 -2 -2.0 0
139 140 141 0 0.94 1
140 -1 -1 -2 -2.0 1
141 -1 -1 -2 -2.0 1
142 143 166 2 34.5 1
143 144 155 2 1.0 0
144 145 150 0 0.35 0
145 146 149 3 -118.83 0
146 147 148 0 -0.2 0
147 -1 -1 -2 -2.0 0
148 -1 -1 -2 -2.0 0
149 -1 -1 -2 -2.0 0
150 151 152 0 0.37 0
151 -1 -1 -2 -2.0 1
152 153 154 1 0.89 0
153 -1 -1 -2 -2.0 0
154 -1 -1 -2 -2.0 0
155 156 161 1 0.93 0
156 157 160 3 -76.0 0
157 158 159 3 -134.5 1
158 -1 -1 -2 -2.0 0
159 -1 -1 -2 -2.0 1
160 -1 -1 -2 -2.0 0
161 162 165 2 3.0 0
162 163 164 0 0.0 0
163 -1 -1 -2 -2.0 1
164 -1 -1 -2 -2.0 0
165 -1 -1 -2 -2.0 0
166 167 182 1 0.97 1
167 168 175 3 -119.5 1
168 169 172 2 50.5 1
169 170 171 1 0.87 0
170 -1 -1 -2 -2.0 0
171 -1 -1 -2 -2.0 1
172 173 174 3 -120.25 1
173 -1 -1 -2 -2.0 1
174 -1 -1 -2 -2.0 1
175 176 179 0 -0.59 1
176 177 178 2 85.5 0
177 -1 -1 -2 -2.0 1
178 -1 -1 -2 -2.0 0
179 180 181 1 0.91 1
180 -1 -1 -2 -2.0 1
181 -1 -1 -2 -2.0 1
182 183 184 1 0.98 1
183 -1 -1 -2 -2.0 0
184 185 188 2 53.25 1
185 186 187 0 -0.05 0
186 -1 -1 -2 -2.0 1
187 -1 -1 -2 -2.0 0
188 -1 -1 -2 -2.0 1
Tree: 6
0 1 80 3 -169.17 0
1 2 37 2 45.83 0
2 3 26 1 0.14 0
3 4 13 2 4.25 0
4 5 6 3 -173.58 0
5 -1 -1 -2 -2.0 0
6 7 10 0 1.0 0
7 8 9 2 -27.42 0
8 -1 -1 -2 -2.0 0
9 -1 -1 -2 -2.0 0
10 11 12 2 -19.5 0
11 -1 -1 -2 -2.0 0
12 -1 -1 -2 -2.0 1
13 14 21 2 24.33 0
14 15 18 1 -0.51 0
15 16 17 0 0.49 1
16 -1 -1 -2 -2.0 1
17 -1 -1 -2 -2.0 1
18 19 20 0 -1.0 0
19 -1 -1 -2 -2.0 0
20 -1 -1 -2 -2.0 0
21 22 23 2 25.67 1
22 -1 -1 -2 -2.0 1
23 24 25 0 -1.0 0
24 -1 -1 -2 -2.0 0
25 -1 -1 -2 -2.0 1
26 27 34 0 0.96 0
27 28 29 2 -1.25 0
28 -1 -1 -2 -2.0 0
29 30 33 2 -0.5 0
30 31 32 1 0.44 0
31 -1 -1 -2 -2.0 0
32 -1 -1 -2 -2.0 1
33 -1 -1 -2 -2.0 0
34 35 36 2 13.33 0
35 -1 -1 -2 -2.0 0
36 -1 -1 -2 -2.0 1
37 38 63 2 93.83 1
38 39 50 0 -0.26 1
39 40 45 1 0.03 1
40 41 42 3 -244.25 1
41 -1 -1 -2 -2.0 0
42 43 44 0 -0.56 1
43 -1 -1 -2 -2.0 1
44 -1 -1 -2 -2.0 1
45 46 47 1 0.07 1
46 -1 -1 -2 -2.0 0
47 48 49 1 0.11 1
48 -1 -1 -2 -2.0 1
49 -1 -1 -2 -2.0 1
50 51 58 3 -209.17 1
51 52 55 1 0.09 0
52 53 54 1 -0.46 0
53 -1 -1 -2 -2.0 0
54 -1 -1 -2 -2.0 0
55 56 57 3 -209.75 0
56 -1 -1 -2 -2.0 0
57 -1 -1 -2 -2.0 0
58 59 60 0 0.07 1
59 -1 -1 -2 -2.0 0
60 61 62 3 -196.5 1
61 -1 -1 -2 -2.0 1
62 -1 -1 -2 -2.0 1
63 64 65 3 -306.5 1
64 -1 -1 -2 -2.0 0
65 66 73 1 0.85 1
66 67 70 3 -249.5 1
67 68 69 0 -0.34 1
68 -1 -1 -2 -2.0 1
69 -1 -1 -2 -2.0 1
70 71 72 3 -172.75 1
71 -1 -1 -2 -2.0 1
72 -1 -1 -2 -2.0 1
73 74 77 2 200.17 1
74 75 76 3 -188.5 1
75 -1 -1 -2 -2.0 1
76 -1 -1 -2 -2.0 1
77 78 79 2 248.5 0
78 -1 -1 -2 -2.0 0
79 -1 -1 -2 -2.0 1
80 81 140 3 -33.83 1
81 82 113 3 -64.42 1
82 83 98 2 38.83 1
83 84 91 0 0.96 0
84 85 88 3 -155.17 0
85 86 87 2 10.33 0
86 -1 -1 -2 -2.0 0
87 -1 -1 -2 -2.0 0
88 89 90 3 -119.75 0
89 -1 -1 -2 -2.0 0
90 -1 -1 -2 -2.0 0
91 92 95 2 -14.42 0
92 93 94 3 -79.25 0
93 -1 -1 -2 -2.0 0
94 -1 -1 -2 -2.0 0
95 96 97 2 35.75 1
96 -1 -1 -2 -2.0 1
97 -1 -1 -2 -2.0 0
98 99 106 2 61.25 1
99 100 103 0 0.39 1
100 101 102 0 0.09 1
101 -1 -1 -2 -2.0 1
102 -1 -1 -2 -2.0 0
103 104 105 0 0.85 1
104 -1 -1 -2 -2.0 1
105 -1 -1 -2 -2.0 1
106 107 110 2 80.75 1
107 108 109 3 -71.67 1
108 -1 -1 -2 -2.0 1
109 -1 -1 -2 -2.0 0
110 111 112 2 92.25 1
111 -1 -1 -2 -2.0 1
112 -1 -1 -2 -2.0 1
113 114 125 2 37.5 1
114 115 120 1 -0.7 0
115 116 117 1 -0.94 1
116 -1 -1 -2 -2.0 0
117 118 119 2 26.25 1
118 -1 -1 -2 -2.0 1
119 -1 -1 -2 -2.0 0
120 121 124 1 0.04 0
121 122 123 0 1.0 0
122 -1 -1 -2 -2.0 0
123 -1 -1 -2 -2.0 0
124 -1 -1 -2 -2.0 0
125 126 133 2 75.42 1
126 127 130 2 54.75 1
127 128 129 3 -39.75 1
128 -1 -1 -2 -2.0 1
129 -1 -1 -2 -2.0 0
130 131 132 1 -0.82 1
131 -1 -1 -2 -2.0 0
132 -1 -1 -2 -2.0 1
133 134 137 0 0.97 1
134 135 136 2 99.25 1
135 -1 -1 -2 -2.0 1
136 -1 -1 -2 -2.0 1
137 138 139 0 0.98 1
138 -1 -1 -2 -2.0 0
139 -1 -1 -2 -2.0 1
140 141 142 2 61.25 0
141 -1 -1 -2 -2.0 0
142 -1 -1 -2 -2.0 1
Tree: 7
0 1 108 2 46.25 0
1 2 53 2 6.42 0
2 3 28 2 -7.83 0
3 4 13 3 -134.5 0
4 5 6 3 -180.17 0
5 -1 -1 -2 -2.0 0
6 7 10 2 -18.83 0
7 8 9 1 -0.82 0
8 -1 -1 -2 -2.0 0
9 -1 -1 -2 -2.0 0
10 11 12 1 -0.89 0
11 -1 -1 -2 -2.0 0
12 -1 -1 -2 -2.0 0
13 14 21 2 -50.75 0
14 15 18 1 -0.98 0
15 16 17 3 -82.5 0
16 -1 -1 -2 -2.0 0
17 -1 -1 -2 -2.0 1
18 19 20 1 -0.21 0
19 -1 -1 -2 -2.0 0
20 -1 -1 -2 -2.0 0
21 22 25 1 0.27 0
22 23 24 1 -0.26 0
23 -1 -1 -2 -2.0 0
24 -1 -1 -2 -2.0 1
25 26 27 0 0.92 0
26 -1 -1 -2 -2.0 0
27 -1 -1 -2 -2.0 0
28 29 42 1 0.17 0
29 30 37 0 0.96 0
30 31 34 0 -0.97 0
31 32 33 2 -5.25 0
32 -1 -1 -2 -2.0 0
33 -1 -1 -2 -2.0 0
34 35 36 0 -0.96 0
35 -1 -1 -2 -2.0 1
36 -1 -1 -2 -2.0 0
37 38 39 1 -0.17 0
38 -1 -1 -2 -2.0 1
39 40 41 0 0.99 0
40 -1 -1 -2 -2.0 1
41 -1 -1 -2 -2.0 0
42 43 48 0 0.75 0
43 44 47 3 -130.0 0
44 45 46 0 -0.86 0
45 -1 -1 -2 -2.0 0
46 -1 -1 -2 -2.0 0
47 -1 -1 -2 -2.0 0
48 49 52 1 0.65 0
49 50 51 1 0.2 0
50 -1 -1 -2 -2.0 1
51 -1 -1 -2 -2.0 0
52 -1 -1 -2 -2.0 1
53 54 85 0 0.94 0
54 55 70 1 -0.07 0
55 56 63 0 -0.43 1
56 57 60 0 -0.96 0
57 58 59 3 -127.5 1
58 -1 -1 -2 -2.0 1
59 -1 -1 -2 -2.0 0
60 61 62 0 -0.91 0
61 -1 -1 -2 -2.0 0
62 -1 -1 -2 -2.0 0
63 64 67 3 -88.25 1
64 65 66 1 -0.43 1
65 -1 -1 -2 -2.0 1
66 -1 -1 -2 -2.0 0
67 68 69 0 -0.09 0
68 -1 -1 -2 -2.0 1
69 -1 -1 -2 -2.0 0
70 71 78 1 0.83 0
71 72 75 2 32.25 0
72 73 74 1 0.11 0
73 -1 -1 -2 -2.0 0
74 -1 -1 -2 -2.0 0
75 76 77 1 0.62 0
76 -1 -1 -2 -2.0 0
77 -1 -1 -2 -2.0 0
78 79 82 1 0.9 0
79 80 81 0 0.0 1
80 -1 -1 -2 -2.0 1
81 -1 -1 -2 -2.0 0
82 83 84 3 -120.25 0
83 -1 -1 -2 -2.0 0
84 -1 -1 -2 -2.0 0
85 86 101 3 -81.25 1
86 87 94 1 -0.08 1
87 88 91 0 0.99 0
88 89 90 3 -138.5 1
89 -1 -1 -2 -2.0 1
90 -1 -1 -2 -2.0 0
91 92 93 2 32.58 0
92 -1 -1 -2 -2.0 0
93 -1 -1 -2 -2.0 0
94 95 98 0 0.99 1
95 96 97 3 -152.5 1
96 -1 -1 -2 -2.0 1
97 -1 -1 -2 -2.0 1
98 99 100 1 0.07 1
99 -1 -1 -2 -2.0 1
100 -1 -1 -2 -2.0 0
101 102 107 2 25.75 1
102 103 106 0 1.0 0
103 104 105 1 -0.2 0
104 -1 -1 -2 -2.0 1
105 -1 -1 -2 -2.0 0
106 -1 -1 -2 -2.0 1
107 -1 -1 -2 -2.0 1
108 109 144 2 70.42 1
109 110 133 3 -75.83 1
110 111 120 3 -212.5 1
111 112 113 0 -0.58 0
112 -1 -1 -2 -2.0 1
113 114 117 1 0.24 0
114 115 116 1 -0.29 0
115 -1 -1 -2 -2.0 0
116 -1 -1 -2 -2.0 1
117 118 119 2 69.75 0
118 -1 -1 -2 -2.0 0
119 -1 -1 -2 -2.0 1
120 121 126 0 -0.84 1
121 122 125 3 -105.75 1
122 123 124 0 -0.93 0
123 -1 -1 -2 -2.0 1
124 -1 -1 -2 -2.0 0
125 -1 -1 -2 -2.0 1
126 127 130 3 -206.25 1
127 128 129 0 -0.01 0
128 -1 -1 -2 -2.0 1
129 -1 -1 -2 -2.0 0
130 131 132 0 0.07 1
131 -1 -1 -2 -2.0 1
132 -1 -1 -2 -2.0 1
133 134 143 0 0.42 0
134 135 142 3 -41.5 0
135 136 139 0 -0.28 0
136 137 138 2 58.75 1
137 -1 -1 -2 -2.0 1
138 -1 -1 -2 -2.0 1
139 140 141 1 0.97 0
140 -1 -1 -2 -2.0 0
141 -1 -1 -2 -2.0 0
142 -1 -1 -2 -2.0 0
143 -1 -1 -2 -2.0 1
144 145 174 2 82.75 1
145 146 159 1 -0.81 1
146 147 152 1 -0.95 0
147 148 151 1 -0.95 0
148 149 150 3 -195.0 0
149 -1 -1 -2 -2.0 0
150 -1 -1 -2 -2.0 1
151 -1 -1 -2 -2.0 0
152 153 156 1 -0.93 1
153 154 155 3 -65.75 1
154 -1 -1 -2 -2.0 1
155 -1 -1 -2 -2.0 0
156 157 158 3 -106.0 0
157 -1 -1 -2 -2.0 1
158 -1 -1 -2 -2.0 0
159 160 167 0 0.75 1
160 161 164 2 82.25 1
161 162 163 0 -0.72 1
162 -1 -1 -2 -2.0 1
163 -1 -1 -2 -2.0 1
164 165 166 0 -0.87 0
165 -1 -1 -2 -2.0 0
166 -1 -1 -2 -2.0 1
167 168 171 3 -213.5 1
168 169 170 2 71.5 0
169 -1 -1 -2 -2.0 1
170 -1 -1 -2 -2.0 0
171 172 173 1 0.44 1
172 -1 -1 -2 -2.0 1
173 -1 -1 -2 -2.0 0
174 175 188 2 92.75 1
175 176 183 0 0.99 1
176 177 180 2 92.25 1
177 178 179 3 -246.5 1
178 -1 -1 -2 -2.0 0
179 -1 -1 -2 -2.0 1
180 181 182 1 0.97 1
181 -1 -1 -2 -2.0 1
182 -1 -1 -2 -2.0 0
183 184 185 0 0.99 1
184 -1 -1 -2 -2.0 0
185 186 187 2 88.75 1
186 -1 -1 -2 -2.0 1
187 -1 -1 -2 -2.0 1
188 189 196 0 0.76 1
189 190 193 2 247.75 1
190 191 192 1 0.81 1
191 -1 -1 -2 -2.0 1
192 -1 -1 -2 -2.0 1
193 194 195 0 -0.05 1
194 -1 -1 -2 -2.0 1
195 -1 -1 -2 -2.0 1
196 197 198 0 0.76 1
197 -1 -1 -2 -2.0 0
198 199 200 2 159.5 1
199 -1 -1 -2 -2.0 1
200 -1 -1 -2 -2.0 1
Tree: 8
0 1 82 3 -156.58 0
1 2 57 1 0.3 0
2 3 32 2 32.58 0
3 4 19 2 3.83 0
4 5 12 1 0.06 0
5 6 9 2 -14.25 0
6 7 8 2 -27.42 0
7 -1 -1 -2 -2.0 0
8 -1 -1 -2 -2.0 0
9 10 11 3 -165.5 0
10 -1 -1 -2 -2.0 0
11 -1 -1 -2 -2.0 0
12 13 16 2 -8.42 0
13 14 15 0 0.99 0
14 -1 -1 -2 -2.0 0
15 -1 -1 -2 -2.0 0
16 17 18 3 -167.5 1
17 -1 -1 -2 -2.0 0
18 -1 -1 -2 -2.0 1
19 20 25 3 -186.5 0
20 21 24 3 -187.83 1
21 22 23 2 23.83 1
22 -1 -1 -2 -2.0 0
23 -1 -1 -2 -2.0 1
24 -1 -1 -2 -2.0 1
25 26 29 1 -0.16 0
26 27 28 1 -0.18 0
27 -1 -1 -2 -2.0 0
28 -1 -1 -2 -2.0 1
29 30 31 3 -169.25 0
30 -1 -1 -2 -2.0 0
31 -1 -1 -2 -2.0 0
32 33 48 2 103.83 1
33 34 41 1 -0.96 1
34 35 38 3 -186.0 0
35 36 37 0 0.12 1
36 -1 -1 -2 -2.0 0
37 -1 -1 -2 -2.0 1
38 39 40 2 78.67 0
39 -1 -1 -2 -2.0 0
40 -1 -1 -2 -2.0 1
41 42 45 3 -220.0 1
42 43 44 0 0.17 0
43 -1 -1 -2 -2.0 1
44 -1 -1 -2 -2.0 0
45 46 47 1 0.03 1
46 -1 -1 -2 -2.0 1
47 -1 -1 -2 -2.0 1
48 49 50 2 150.75 1
49 -1 -1 -2 -2.0 1
50 51 54 2 152.25 1
51 52 53 3 -255.0 1
52 -1 -1 -2 -2.0 0
53 -1 -1 -2 -2.0 1
54 55 56 3 -280.58 1
55 -1 -1 -2 -2.0 0
56 -1 -1 -2 -2.0 1
57 58 69 2 64.75 0
58 59 68 1 1.0 0
59 60 67 1 0.81 0
60 61 64 2 56.25 0
61 62 63 1 0.32 0
62 -1 -1 -2 -2.0 0
63 -1 -1 -2 -2.0 0
64 65 66 0 0.82 0
65 -1 -1 -2 -2.0 1
66 -1 -1 -2 -2.0 0
67 -1 -1 -2 -2.0 0
68 -1 -1 -2 -2.0 1
69 70 81 3 -157.25 1
70 71 78 2 249.5 1
71 72 75 2 79.83 1
72 73 74 1 0.43 1
73 -1 -1 -2 -2.0 1
74 -1 -1 -2 -2.0 1
75 76 77 2 247.0 1
76 -1 -1 -2 -2.0 1
77 -1 -1 -2 -2.0 1
78 79 80 2 257.0 0
79 -1 -1 -2 -2.0 0
80 -1 -1 -2 -2.0 1
81 -1 -1 -2 -2.0 0
82 83 140 3 -105.17 1
83 84 113 2 46.25 1
84 85 98 1 -0.15 0
85 86 91 2 -9.0 0
86 87 88 2 -27.75 0
87 -1 -1 -2 -2.0 0
88 89 90 1 -0.28 0
89 -1 -1 -2 -2.0 0
90 -1 -1 -2 -2.0 1
91 92 95 1 -0.3 1
92 93 94 3 -139.75 0
93 -1 -1 -2 -2.0 1
94 -1 -1 -2 -2.0 0
95 96 97 0 0.0 1
96 -1 -1 -2 -2.0 1
97 -1 -1 -2 -2.0 1
98 99 106 2 14.5 0
99 100 103 3 -135.5 0
100 101 102 2 -16.25 0
101 -1 -1 -2 -2.0 0
102 -1 -1 -2 -2.0 0
103 104 105 0 0.94 0
104 -1 -1 -2 -2.0 0
105 -1 -1 -2 -2.0 0
106 107 110 0 1.0 0
107 108 109 1 0.1 0
108 -1 -1 -2 -2.0 0
109 -1 -1 -2 -2.0 1
110 111 112 0 1.0 1
111 -1 -1 -2 -2.0 1
112 -1 -1 -2 -2.0 1
113 114 127 2 61.75 1
114 115 120 0 -0.84 1
115 116 119 2 52.25 0
116 117 118 3 -150.0 1
117 -1 -1 -2 -2.0 0
118 -1 -1 -2 -2.0 1
119 -1 -1 -2 -2.0 0
120 121 124 2 59.17 1
121 122 123 3 -133.5 1
122 -1 -1 -2 -2.0 1
123 -1 -1 -2 -2.0 1
124 125 126 2 60.42 1
125 -1 -1 -2 -2.0 0
126 -1 -1 -2 -2.0 1
127 128 133 2 63.42 1
128 129 130 1 -0.45 1
129 -1 -1 -2 -2.0 0
130 131 132 2 63.17 1
131 -1 -1 -2 -2.0 1
132 -1 -1 -2 -2.0 0
133 134 137 1 -0.13 1
134 135 136 2 93.75 1
135 -1 -1 -2 -2.0 1
136 -1 -1 -2 -2.0 1
137 138 139 3 -149.83 1
138 -1 -1 -2 -2.0 1
139 -1 -1 -2 -2.0 1
140 141 168 2 29.25 0
141 142 155 2 21.83 0
142 143 148 1 -0.9 0
143 144 145 2 -71.08 0
144 -1 -1 -2 -2.0 0
145 146 147 2 17.75 1
146 -1 -1 -2 -2.0 1
147 -1 -1 -2 -2.0 0
148 149 152 3 -86.75 0
149 150 151 0 -0.97 0
150 -1 -1 -2 -2.0 0
151 -1 -1 -2 -2.0 0
152 153 154 2 4.42 0
153 -1 -1 -2 -2.0 0
154 -1 -1 -2 -2.0 0
155 156 163 3 -74.75 0
156 157 160 1 -0.19 1
157 158 159 0 -0.91 0
158 -1 -1 -2 -2.0 0
159 -1 -1 -2 -2.0 0
160 161 162 2 25.75 1
161 -1 -1 -2 -2.0 1
162 -1 -1 -2 -2.0 1
163 164 165 0 -0.81 0
164 -1 -1 -2 -2.0 0
165 166 167 0 -0.52 0
166 -1 -1 -2 -2.0 1
167 -1 -1 -2 -2.0 0
168 169 182 0 0.42 1
169 170 177 0 0.23 1
170 171 174 3 -33.92 1
171 172 173 1 -0.85 1
172 -1 -1 -2 -2.0 1
173 -1 -1 -2 -2.0 1
174 175 176 0 -0.93 0
175 -1 -1 -2 -2.0 0
176 -1 -1 -2 -2.0 1
177 178 181 1 0.0 0
178 179 180 2 78.5 0
179 -1 -1 -2 -2.0 0
180 -1 -1 -2 -2.0 0
181 -1 -1 -2 -2.0 1
182 183 190 2 97.25 1
183 184 187 0 0.79 1
184 185 186 1 0.0 1
185 -1 -1 -2 -2.0 1
186 -1 -1 -2 -2.0 1
187 188 189 1 0.02 1
188 -1 -1 -2 -2.0 1
189 -1 -1 -2 -2.0 1
190 191 192 0 0.97 1
191 -1 -1 -2 -2.0 1
192 193 194 3 -42.0 1
193 -1 -1 -2 -2.0 1
194 -1 -1 -2 -2.0 1
Tree: 9
0 1 102 2 37.42 0
1 2 59 2 8.75 0
2 3 32 1 0.27 0
3 4 17 3 -155.25 0
4 5 12 0 1.0 0
5 6 9 1 0.06 0
6 7 8 3 -180.17 0
7 -1 -1 -2 -2.0 0
8 -1 -1 -2 -2.0 0
9 10 11 2 0.5 0
10 -1 -1 -2 -2.0 0
11 -1 -1 -2 -2.0 0
12 13 14 2 -13.83 0
13 -1 -1 -2 -2.0 0
14 15 16 2 0.33 0
15 -1 -1 -2 -2.0 1
16 -1 -1 -2 -2.0 0
17 18 25 1 -0.29 0
18 19 22 2 -9.0 0
19 20 21 3 -81.92 0
20 -1 -1 -2 -2.0 0
21 -1 -1 -2 -2.0 0
22 23 24 1 -0.65 0
23 -1 -1 -2 -2.0 0
24 -1 -1 -2 -2.0 0
25 26 29 1 -0.15 0
26 27 28 1 -0.18 1
27 -1 -1 -2 -2.0 0
28 -1 -1 -2 -2.0 1
29 30 31 2 -31.25 0
30 -1 -1 -2 -2.0 0
31 -1 -1 -2 -2.0 0
32 33 46 2 1.83 0
33 34 39 2 -31.17 0
34 35 36 1 0.89 0
35 -1 -1 -2 -2.0 0
36 37 38 1 0.9 0
37 -1 -1 -2 -2.0 0
38 -1 -1 -2 -2.0 0
39 40 43 1 0.89 0
40 41 42 0 0.75 0
41 -1 -1 -2 -2.0 0
42 -1 -1 -2 -2.0 0
43 44 45 0 0.25 0
44 -1 -1 -2 -2.0 0
45 -1 -1 -2 -2.0 1
46 47 54 2 2.75 0
47 48 51 1 0.77 0
48 49 50 0 0.84 0
49 -1 -1 -2 -2.0 0
50 -1 -1 -2 -2.0 1
51 52 53 0 0.0 1
52 -1 -1 -2 -2.0 1
53 -1 -1 -2 -2.0 0
54 55 56 3 -121.0 0
55 -1 -1 -2 -2.0 0
56 57 58 3 -109.25 0
57 -1 -1 -2 -2.0 1
58 -1 -1 -2 -2.0 0
59 60 85 1 0.26 0
60 61 76 3 -62.75 0
61 62 69 0 -0.97 0
62 63 66 1 -0.07 0
63 64 65 1 -0.2 0
64 -1 -1 -2 -2.0 0
65 -1 -1 -2 -2.0 1
66 67 68 3 -204.25 0
67 -1 -1 -2 -2.0 1
68 -1 -1 -2 -2.0 0
69 70 73 3 -173.17 1
70 71 72 1 -0.46 0
71 -1 -1 -2 -2.0 1
72 -1 -1 -2 -2.0 0
73 74 75 3 -138.17 1
74 -1 -1 -2 -2.0 1
75 -1 -1 -2 -2.0 1
76 77 84 1 0.04 0
77 78 81 2 24.25 0
78 79 80 2 17.25 0
79 -1 -1 -2 -2.0 0
80 -1 -1 -2 -2.0 0
81 82 83 1 -0.83 0
82 -1 -1 -2 -2.0 0
83 -1 -1 -2 -2.0 1
84 -1 -1 -2 -2.0 0
85 86 87 3 -145.75 0
86 -1 -1 -2 -2.0 0
87 88 95 2 29.25 0
88 89 92 0 -0.4 0
89 90 91 1 0.79 0
90 -1 -1 -2 -2.0 0
91 -1 -1 -2 -2.0 1
92 93 94 0 0.27 0
93 -1 -1 -2 -2.0 0
94 -1 -1 -2 -2.0 0
95 96 99 0 -0.22 1
96 97 98 2 35.5 0
97 -1 -1 -2 -2.0 0
98 -1 -1 -2 -2.0 0
99 100 101 2 36.25 1
100 -1 -1 -2 -2.0 1
101 -1 -1 -2 -2.0 0
102 103 130 1 -0.93 1
103 104 121 0 0.23 1
104 105 114 1 -0.99 1
105 106 111 3 -172.5 1
106 107 108 3 -293.67 0
107 -1 -1 -2 -2.0 1
108 109 110 1 -1.0 0
109 -1 -1 -2 -2.0 0
110 -1 -1 -2 -2.0 0
111 112 113 0 -0.1 1
112 -1 -1 -2 -2.0 0
113 -1 -1 -2 -2.0 1
114 115 116 2 39.17 1
115 -1 -1 -2 -2.0 0
116 117 120 2 67.17 1
117 118 119 0 -0.34 1
118 -1 -1 -2 -2.0 0
119 -1 -1 -2 -2.0 1
120 -1 -1 -2 -2.0 1
121 122 129 1 -0.94 0
122 123 128 2 82.0 0
123 124 127 1 -0.96 0
124 125 126 3 -132.5 0
125 -1 -1 -2 -2.0 1
126 -1 -1 -2 -2.0 0
127 -1 -1 -2 -2.0 0
128 -1 -1 -2 -2.0 1
129 -1 -1 -2 -2.0 0
130 131 154 2 53.17 1
131 132 143 3 -194.75 1
132 133 138 3 -217.0 0
133 134 137 1 0.22 0
134 135 136 3 -220.0 0
135 -1 -1 -2 -2.0 0
136 -1 -1 -2 -2.0 1
137 -1 -1 -2 -2.0 0
138 139 142 1 -0.18 0
139 140 141 0 -0.05 0
140 -1 -1 -2 -2.0 1
141 -1 -1 -2 -2.0 0
142 -1 -1 -2 -2.0 0
143 144 149 3 -113.75 1
144 145 146 3 -179.75 1
145 -1 -1 -2 -2.0 1
146 147 148 0 -0.46 1
147 -1 -1 -2 -2.0 0
148 -1 -1 -2 -2.0 1
149 150 153 1 0.93 1
150 151 152 0 -0.99 1
151 -1 -1 -2 -2.0 0
152 -1 -1 -2 -2.0 1
153 -1 -1 -2 -2.0 0
154 155 166 1 -0.91 1
155 156 161 3 -81.5 1
156 157 158 1 -0.92 1
157 -1 -1 -2 -2.0 1
158 159 160 1 -0.92 1
159 -1 -1 -2 -2.0 1
160 -1 -1 -2 -2.0 1
161 162 165 3 -55.75 0
162 163 164 2 73.5 0
163 -1 -1 -2 -2.0 0
164 -1 -1 -2 -2.0 1
165 -1 -1 -2 -2.0 1
166 167 174 3 -209.17 1
167 168 171 2 91.25 1
168 169 170 1 -0.25 0
169 -1 -1 -2 -2.0 0
170 -1 -1 -2 -2.0 1
171 172 173 0 -0.94 1
172 -1 -1 -2 -2.0 1
173 -1 -1 -2 -2.0 1
174 175 178 2 78.42 1
175 176 177 3 -39.5 1
176 -1 -1 -2 -2.0 1
177 -1 -1 -2 -2.0 0
178 179 180 2 242.25 1
179 -1 -1 -2 -2.0 1
180 -1 -1 -2 -2.0 1
